1037322707291885568
1037325859592593408
1037328297582125057
1037335830723997698
1037339619925348353
1037341051256807424
1037341439431254019
1037344278920486914
1037347150181613573
1037347188786061312
1013096729590235137
1013099985901010944
1013106244784095232
1014191216047554562
1015095749971988482
1015132947106664448
1015138280130695168
1015264210522124288
1017435970692698115
1019983976805687297
1021072833441607681
1022060013983019008
1022756609334960128
1022819974547746816
1027863402511851521
1029229636104998912
1030107065434427392
1034373106884898816
1034444140744986625
1034749356052828160
1034814758770417664
1034838753657974785
1035160164293390336
1036278253281918976
1036296248863678464
1036501489471115264
1036527172024983552
1036542830875947008
1036640928314875906
1036645292895027200
1036648599621455872
1036839628802859008
1036865561647620096
1036879049455554560
1036906729601216512
1036929724742868993
1036934217396092928
1036941081403961344
1036944383650582529
1036947193377247232
1036952788574593025
1036955617083224064
1036975385207025664
1036977411714367490
1036979701720526848
1036995401847656450
1036999897227124737
1037003641373245440
1037021091359870976
1037024422270525441
1037024468068118528
1037030806441476096
1037075713436930048
1037077570964074496
1037085015656591361
1037139509903876096
1037211452648685568
1037235550183407617
1037241423672864768
1037242892287393792
1037248468534874112
1037249498798600192
1037252788516999170
1037264158130151424
1037264184914923520
1037276652437430272
1037284761520275456
1037285732413579264
1037294537562042368
1037296187873939457
1037300216515444739
1037310278805987333
1037311900307128321
1037314433075343360
1037316834985435138
1037320743502143488
1037321188312264704
1037322707291885568
1037325859592593408
1037328297582125057
1037335830723997698
1037339619925348353
1037341051256807424
1037341439431254019
1037344278920486914
1037347150181613573
1037347188786061312
1037347201721270275
1037348485236969472
1037371323134164993
1037375003405299712
1037380065947000843
1037384870849208320
1037389761323757568
1037393651498995712
1037393706045906950
1037397089444155393
1037401036309323777
1037412143543541760
1037412563041050624
1037424627444862976
1037425835681218562
1037432696933425152
1037474921146806272
1037539659381977088
1037580480084955136
1037593760962670593
1037597594858516480
1037597721971052544
1037598952319864832
1037610867754508288
1037611180188205056
1037611989940543495
1037616628886896640
1037620412652371968
1037620903079804928
1037621524486938624
1037623637845725185
1037628991119785985
1037629004583514113
1037631149722558465
1037633611397255169
1037637414896979968
1037639059672375297
1037641523603689472
1037641730278023168
1037646605514694658
1037648412617990146
1037649354750914561
1037651776282013696
1037668545994412033
1037676033598803975
1037680799074721793
1037682060251549696
1037686927766577152
1037694545159507969
1037695996820643841
1037698325385015298
1037711279060865026
1037713296915345408
1037713877709086725
1037714555441487872
1037724657691111425
1037725489086046208
1037735903484174336
1037738747083857931
1037738861508677632
1037742052136693760
1037744336954425346
1037748265142370304
1037750312491261953
1037799362603167745
1037806670955474944
1037813051309862915
1037822892413739010
1037830327748767744
1037852928084606976
1037854328793587713
1037936087073792000
1037940902596149248
1037966219557699584
1037966221772247041
1037972042597982209
1037973242290601985
1037973847922929665
1037977173922131968
1037981322961145856
1037984188002172928
1037986868393140230
1037986888563474432
1037990266500800512
1037990318073896961
1037992622319534080
1037997653580238848
1037997799793680384
1038002686547972096
1038003717272989696
1038007719997911040
1038008737976537088
1038009276160258049
1038012753502453760
1038017900970500096
1038019151393120257
1038021538417655813
1038022819739779074
1038025107334209537
1038027852996796416
1038032885628985345
1038034046033580032
1038035447371448320
1038038579539263491
1038041726169112578
1038043062746931200
1038043717477851136
1038046777138716674
1038047902382411776
1038055237913858048
1038056853228412928
1038059351683072000
1038064432855900160
1038064891112902657
1038064991096725504
1038065500260052994
1038071627311984641
1038080715676692480
1038081360953585664
1038084496569126912
1038089286397173760
1038089540647436289
1038090278752722950
1038095933614039043
1038122245930004480
1038137247420375041
1038149587494731777
1038162542097522690
1038196474994147333
1038204024510734337
1038213278823006209
1038226674641502208
1038234225110077445
1038256872590110726
1038310767332917249
1038311161530408960
1038317334954471424
1038320556708380672
1038320787449688064
1038321236059807744
1038321993802756097
1038326208000344070
1038328083680505857
1038336247788392448
1038336752463880192
1038338662302445568
1038354203477991424
1038371377479393280
1038399061462843394
1038409585676230656
1038411913087143936
1038419346027106305
1038434201442414594
1038477075852800001
1038492178467770369
1038499738566516737
1038507117479710720
1038522382175088640
1038675740617785345
1038683449035501568
1038695511765803008
1038703565517271046
1038707142092644353
1038707833229983744
1038714950523531264
1038728238682566657
1038731144928415744
1038731247223222272
1038731600706584576
1038743874922074112
1038743897017671681
1038745153815699456
1038749926405140481
1038758943697391621
1038810632492134400
1038812952047042561
1038815588725018624
1038834472895082497
1038836950696960000
1038851721265668099
1038862121541554177
1038879359447310336
1038882732493946881
1038884788508217344
1038899860563550209
1039010066266025985
1039012019607941120
1039023183796555776
1039027891043008512
1039030732004446209
1039038290287046656
1039038307248824320
1039039026035077121
1039040191858704389
1039058405741289472
1039060422761041920
1039062528779845632
1039064463226425344
1039069979361116160
1039076052943945728
1039079474946613248
1039083005908844545
1039084723405053952
1039085434284851200
1039090372020973568
1039094552290881537
1039102446788927490
1039106265698525184
1039110309225656320
1039114933760389120
1039117471989620736
1039119666004877312
1039121499570012160
1039124146226192384
1039125343775481857
1039128985337249793
1039136546757259264
1039136584216535040
1039143837292212224
1039143957878300673
1039147216705908736
1039159135466651648
1039160675560501248
1039161512865214465
1039179214019276801
1039182911755485186
1039196811955601408
1039203444735856642
1039223872158093312
1039229187125600262
1039239076300447750
1039244265912713216
1039250995103105024
1039256049000370184
1039385625680654337
1039396484599271424
1039399513792765952
1039409440733241344
1039411774397788160
1039414531003506688
1039418012590329856
1039418276848259072
1039420345139257344
1039421796469145600
1039422795934048256
1039425287681916928
1039428658849570816
1039431440981733376
1039446729198841857
1039450195157762048
1039451008143896587
1039457922718359552
1039457958684491777
1039466095135154176
1039494328505327617
1039495726257106946
1039496641181638656
1039498647371755522
1039505288712388614
1039517186564403200
1039517897830293504
1039519031722692609
1039521104287748096
1039521173049098242
1039521592341131265
1039526501279064064
1039531471453782016
1039539029363048451
1039540883992006656
1039544425888788481
1039544615572066304
1039545305711239170
1039551738234236928
1039569278754807808
1039582368846233600
1039582451444731905
1039583917995646977
1039589604842790915
1039611551773286400
1039638482250080256
1039642266669854720
1039733800291495937
1039745103156445184
1039756784091754496
1039759519763648512
1039764070990315520
1039777917847433216
1039789485989478400
1039800943607468032
1039803315926781952
1039804042153811969
1039804124743778304
1039805462286409728
1039805872459927552
1039820141805162496
1039821924279504896
1039822447703412737
1039834810615779328
1039836104684396545
1039838554300600320
1039846157374107648
1039848109298393088
1039848622014246912
1039852632725221383
1039855749533519872
1039861284882329600
1039861325286068225
1039861831811194887
1039870686150516736
1039871214435618816
1039884297182896128
1039888877794877441
1039891693468872704
1039894844351672320
1039902781296050176
1039904041873096714
1039910334025424901
1039922253725675520
1039929897030955008
1039959371655069696
1039976965720223746
1039981280346161152
1040093662137470976
1040107652511150080
1040122741003825152
1040128080860327937
1040128439775363072
1040131718970261504
1040131731104382976
1040133050749906944
1040136417932914689
1040139274027458560
1040139955442462720
1040143792962236421
1040153136915263489
1040158110621552642
1040163930285461505
1040165719881797632
1040173253552230401
1040174173610536960
1040175776073756672
1040186937389268992
1040187340214489088
1040201894797430784
1040208228976664579
1040208472070135810
1040214694328459265
1040214743326359553
1040215456924291077
1040215842825355265
1040217691569750016
1040218095737073664
1040226660908498944
1040235872044687361
1040240465247969280
1040246422011039751
1040247257168310273
1040258351786086402
1040263870416408577
1040264599445155840
1040265074315812864
1040268966562816000
1040277280629698560
1040286328733278208
1040287750799405056
1040292664669872129
1040323182811639808
1040342802679382017
1040343582438318090
1040363259281453057
1040365574604423168
1040412902157688836
1040453877194280960
1040472772865077249
1040477756964917248
1040479382727479297
1040487926902206465
1040495927830700034
1040502940467953666
1040503376704884736
1040503546775592960
1040504330204401664
1040505934836064256
1040516893780729857
1040518108237189120
1040532834560221189
1040540887099613184
1040540910872940546
1040543190716018688
1040548716015484929
1040559809387474945
1040570859050754049
1040574509223485440
1040574671165562885
1040583550070870017
1040587944938164225
1040594356137275392
1040594908057358337
1040594910016167936
1040594911718985728
1040612327916224512
1040614638449295361
1040616247472386048
1040618541400109056
1040648631316037633
1040654338316808194
1040655383604420608
1040670339385180161
1040837388677931008
1040847550960607233
1040850223285850113
1040851463688343552
1040857799608229888
1040861638944010242
1040862802448207873
1040865316056850433
1040872948129832960
1040876623850086400
1040881656939388929
1040885448137158656
1040886689856737281
1040890464667361280
1040891723516395520
1040894941499670533
1040895451933941760
1040896756328751105
1040897846155862016
1040900893938540544
1040901789392920577
1040906822633316353
1040911143760486400
1040911856053968896
1040921922610057219
1040937615711588352
1040953626343161857
1040954825666641920
1040955920002543616
1040963505707524097
1040963866233065472
1040991142819639303
1040993786653016066
1041003725719052288
1041039062021361664
1041076710798778370
1041079438476279808
1041085482850050048
1041152205447946240
1041180383134605317
1041197503939575808
1041210332570640384
1041212606042832898
1041220165889925121
1041222665745457152
1041227713976131584
1041232749334589442
1041235287614124032
1041239011556290561
1041239555268112385
1041242444929617925
1041244045014646784
1041249078200262657
1041252804604715008
1041253112902836224
1041254111495286784
1041257324285968384
1041259144764907520
1041261411685597185
1041263875579162624
1041264177464131585
1041264556662816768
1041266691823554560
1041269219298426881
1041273003194109952
1041280606498443264
1041293400094457856
1041294271612116992
1041294693370408966
1041295123575975941
1041295163430195201
1041310807848628224
1041329212483940352
1041348509012766720
1041365401173716992
1041383253134008320
1041384932524924929
1041386356403064835
1041398709400072192
1041412148403073024
1041416732315934720
1041417838270050304
1041422140975865856
1041423997861277696
1041425975744098304
1041426062972997634
1041559912189444101
1041569488838316032
1041575006013214720
1041575065781985281
1041577918093316096
1041581184495628288
1041581295879577600
1041582116402880513
1041583057223000064
1041585056274366464
1041588897258655744
1041590007876730885
1041599964336599040
1041601177966858240
1041605192909815808
1041607320155959296
1041610222576525313
1041612630220255232
1041617796218716160
1041623148607823878
1041625313497829376
1041634880537415681
1041635057788768257
1041641916713058304
1041642303415349254
1041643427044253696
1041655086169174016
1041656445958270977
1041657129768296449
1041657361486815232
1041660563804315650
1041660966545629185
1041677695078334464
1041682354073419776
1013096729590235137
1013099985901010944
1013106244784095232
1014191216047554562
1015095749971988482
1015138280130695168
1015264210522124288
1017435970692698115
1019983976805687297
1021072833441607681
1022060013983019008
1022819974547746816
1027863402511851521
1029229636104998912
1030107065434427392
1034373106884898816
1034444140744986625
1034749356052828160
1034814758770417664
1034838753657974785
1035160164293390336
1036278253281918976
1036296248863678464
1036501489471115264
1036527172024983552
1036542830875947008
1036640928314875906
1036645292895027200
1036648599621455872
1036839628802859008
1036865561647620096
1036879049455554560
1036906729601216512
1036929724742868993
1036934217396092928
1036941081403961344
1036944383650582529
1036947193377247232
1036952788574593025
1036955617083224064
1036975385207025664
1036977411714367490
1036979701720526848
1036995401847656450
1036999897227124737
1037003641373245440
1037021091359870976
1037024422270525441
1037024468068118528
1037030806441476096
1037075713436930048
1037077570964074496
1037085015656591361
1037139509903876096
1037211452648685568
1037235550183407617
1037241423672864768
1037242892287393792
1037248468534874112
1037249498798600192
1037252788516999170
1037264158130151424
1037264184914923520
1037276652437430272
1037284761520275456
1037285732413579264
1037294537562042368
1037296187873939457
1037300216515444739
1037310278805987333
1037311900307128321
1037314433075343360
1037316834985435138
1037320743502143488
1037321188312264704
1037322707291885568
1037325859592593408
1037328297582125057
1037335830723997698
1037339619925348353
1037341051256807424
1037341439431254019
1037344278920486914
1037347150181613573
1037347188786061312
1037347201721270275
1037348485236969472
1037371323134164993
1037375003405299712
1037380065947000843
1037384870849208320
1037389761323757568
1037393651498995712
1037393706045906950
1037397089444155393
1037401036309323777
1037412143543541760
1037412563041050624
1037424627444862976
1037425835681218562
1037432696933425152
1037474921146806272
1037539659381977088
1037580480084955136
1037593760962670593
1037597594858516480
1037597721971052544
1037598952319864832
1037610867754508288
1037611180188205056
1037611989940543495
1037616628886896640
1037620412652371968
1037620903079804928
1037621524486938624
1037623637845725185
1037628991119785985
1037629004583514113
1037631149722558465
1037633611397255169
1037637414896979968
1037639059672375297
1037641523603689472
1037641730278023168
1037646605514694658
1037648412617990146
1037649354750914561
1037651776282013696
1037668545994412033
1037676033598803975
1037680799074721793
1037682060251549696
1037686927766577152
1037694545159507969
1037695996820643841
1037698325385015298
1037711279060865026
1037713296915345408
1037713877709086725
1037714555441487872
1037724657691111425
1037725489086046208
1037735903484174336
1037738747083857931
1037738861508677632
1037742052136693760
1037744336954425346
1037748265142370304
1037750312491261953
1037799362603167745
1037806670955474944
1037813051309862915
1037822892413739010
1037830327748767744
1037852928084606976
1037854328793587713
1037936087073792000
1037940902596149248
1037966219557699584
1037966221772247041
1037972042597982209
1037973242290601985
1037973847922929665
1037977173922131968
1037981322961145856
1037984188002172928
1037986868393140230
1037986888563474432
1037990266500800512
1037990318073896961
1037992622319534080
1037997653580238848
1037997799793680384
1038002686547972096
1038003717272989696
1038007719997911040
1038008737976537088
1038009276160258049
1038012753502453760
1038017900970500096
1038019151393120257
1038021538417655813
1038022819739779074
1038025107334209537
1038027852996796416
1038032885628985345
1038034046033580032
1038035447371448320
1038038579539263491
1038041726169112578
1038043062746931200
1038043717477851136
1038046777138716674
1038047902382411776
1038055237913858048
1038056853228412928
1038059351683072000
1038064432855900160
1038064891112902657
1038064991096725504
1038065500260052994
1038071627311984641
1038080715676692480
1038081360953585664
1038084496569126912
1038089286397173760
1038089540647436289
1038090278752722950
1038095933614039043
1038122245930004480
1038137247420375041
1038149587494731777
1038162542097522690
1038196474994147333
1038204024510734337
1038213278823006209
1038226674641502208
1038234225110077445
1038256872590110726
1038310767332917249
1038311161530408960
1038317334954471424
1038320556708380672
1038320787449688064
1038321236059807744
1038321993802756097
1038326208000344070
1038328083680505857
1038336247788392448
1038336752463880192
1038338662302445568
1038354203477991424
1038371377479393280
1038399061462843394
1038409585676230656
1038411913087143936
1038419346027106305
1038434201442414594
1038477075852800001
1038492178467770369
1038499738566516737
1038507117479710720
1038522382175088640
1038675740617785345
1038683449035501568
1038695511765803008
1038703565517271046
1038707142092644353
1038707833229983744
1038714950523531264
1038728238682566657
1038731144928415744
1038731247223222272
1038731600706584576
1038743874922074112
1038743897017671681
1038745153815699456
1038749926405140481
1038758943697391621
1038810632492134400
1038812952047042561
1038815588725018624
1038834472895082497
1038836950696960000
1038851721265668099
1038862121541554177
1038879359447310336
1038882732493946881
1038884788508217344
1038899860563550209
1039010066266025985
1039012019607941120
1039023183796555776
1039027891043008512
1039030732004446209
1039038290287046656
1039038307248824320
1039039026035077121
1039040191858704389
1039058405741289472
1039060422761041920
1039062528779845632
1039064463226425344
1039069979361116160
1039076052943945728
1039079474946613248
1039083005908844545
1039084723405053952
1039085434284851200
1039090372020973568
1039094552290881537
1039102446788927490
1039106265698525184
1039110309225656320
1039114933760389120
1039117471989620736
1039119666004877312
1039121499570012160
1039124146226192384
1039125343775481857
1039128985337249793
1039136546757259264
1039136584216535040
1039143837292212224
1039143957878300673
1039147216705908736
1039159135466651648
1039160675560501248
1039161512865214465
1039179214019276801
1039182911755485186
1039196811955601408
1039203444735856642
1039223872158093312
1039229187125600262
1039239076300447750
1039244265912713216
1039250995103105024
1039256049000370184
1039385625680654337
1039396484599271424
1039399513792765952
1039409440733241344
1039411774397788160
1039414531003506688
1039418012590329856
1039418276848259072
1039420345139257344
1039421796469145600
1039422795934048256
1039425287681916928
1039428658849570816
1039431440981733376
1039446729198841857
1039450195157762048
1039451008143896587
1039457922718359552
1039457958684491777
1039466095135154176
1039494328505327617
1039495726257106946
1039496641181638656
1039498647371755522
1039505288712388614
1039517186564403200
1039517897830293504
1039519031722692609
1039521104287748096
1039521173049098242
1039521592341131265
1039526501279064064
1039531471453782016
1039539029363048451
1039540883992006656
1039544425888788481
1039544615572066304
1039545305711239170
1039551738234236928
1039569278754807808
1039582368846233600
1039582451444731905
1039583917995646977
1039589604842790915
1039611551773286400
1039638482250080256
1039642266669854720
1039733800291495937
1039745103156445184
1039756784091754496
1039759519763648512
1039764070990315520
1039777917847433216
1039789485989478400
1039800943607468032
1039803315926781952
1039804042153811969
1039804124743778304
1039805462286409728
1039805872459927552
1039820141805162496
1039821924279504896
1039822447703412737
1039834810615779328
1039836104684396545
1039838554300600320
1039846157374107648
1039848109298393088
1039848622014246912
1039852632725221383
1039855749533519872
1039861284882329600
1039861325286068225
1039861831811194887
1039870686150516736
1039871214435618816
1039884297182896128
1039888877794877441
1039891693468872704
1039894844351672320
1039902781296050176
1039904041873096714
1039910334025424901
1039922253725675520
1039929897030955008
1039959371655069696
1039976965720223746
1039981280346161152
1040093662137470976
1040107652511150080
1040122741003825152
1040128080860327937
1040128439775363072
1040131718970261504
1040131731104382976
1040133050749906944
1040136417932914689
1040139274027458560
1040139955442462720
1040143792962236421
1040153136915263489
1040158110621552642
1040163930285461505
1040165719881797632
1040173253552230401
1040174173610536960
1040175776073756672
1040186937389268992
1040187340214489088
1040201894797430784
1040208228976664579
1040208472070135810
1040214694328459265
1040214743326359553
1040215456924291077
1040215842825355265
1040217691569750016
1040218095737073664
1040226660908498944
1040235872044687361
1040240465247969280
1040246422011039751
1040247257168310273
1040258351786086402
1040263870416408577
1040264599445155840
1040265074315812864
1040268966562816000
1040277280629698560
1040286328733278208
1040287750799405056
1040292664669872129
1040323182811639808
1040342802679382017
1040343582438318090
1040363259281453057
1040365574604423168
1040412902157688836
1040453877194280960
1040472772865077249
1040477756964917248
1040479382727479297
1040487926902206465
1040495927830700034
1040502940467953666
1040503376704884736
1040503546775592960
1040504330204401664
1040505934836064256
1040516893780729857
1040518108237189120
1040532834560221189
1040540887099613184
1040540910872940546
1040543190716018688
1040548716015484929
1040559809387474945
1040570859050754049
1040574509223485440
1040574671165562885
1040583550070870017
1040587944938164225
1040594356137275392
1040594908057358337
1040594910016167936
1040594911718985728
1040612327916224512
1040614638449295361
1040616247472386048
1040618541400109056
1040648631316037633
1040654338316808194
1040655383604420608
1040670339385180161
1040837388677931008
1040847550960607233
1040850223285850113
1040851463688343552
1040857799608229888
1040861638944010242
1040862802448207873
1040865316056850433
1040872948129832960
1040876623850086400
1040881656939388929
1040885448137158656
1040886689856737281
1040890464667361280
1040891723516395520
1040894941499670533
1040895451933941760
1040896756328751105
1040897846155862016
1040900893938540544
1040901789392920577
1040906822633316353
1040911143760486400
1040911856053968896
1040921922610057219
1040937615711588352
1040953626343161857
1040954825666641920
1040955920002543616
1040963505707524097
1040963866233065472
1040991142819639303
1040993786653016066
1041003725719052288
1041039062021361664
1041076710798778370
1041079438476279808
1041085482850050048
1041152205447946240
1041180383134605317
1041197503939575808
1041210332570640384
1041212606042832898
1041220165889925121
1041222665745457152
1041227713976131584
1041232749334589442
1041235287614124032
1041239011556290561
1041239555268112385
1041242444929617925
1041244045014646784
1041249078200262657
1041252804604715008
1041253112902836224
1041254111495286784
1041257324285968384
1041259144764907520
1041261411685597185
1041263875579162624
1041264177464131585
1041264556662816768
1041266691823554560
1041269219298426881
1041273003194109952
1041280606498443264
1041293400094457856
1041294271612116992
1041294693370408966
1041295123575975941
1041295163430195201
1041310807848628224
1041329212483940352
1041348509012766720
1041365401173716992
1041383253134008320
1041384932524924929
1041386356403064835
1041398709400072192
1041412148403073024
1041416732315934720
1041417838270050304
1041422140975865856
1041423997861277696
1041425975744098304
1041426062972997634
1041559912189444101
1041569488838316032
1041575006013214720
1041575065781985281
1041577918093316096
1041581184495628288
1041581295879577600
1041582116402880513
1041583057223000064
1041585056274366464
1041588897258655744
1041590007876730885
1041599964336599040
1041601177966858240
1041605192909815808
1041607320155959296
1041610222576525313
1041612630220255232
1041617796218716160
1041623148607823878
1041625313497829376
1041634880537415681
1041635057788768257
1041641916713058304
1041642303415349254
1041643427044253696
1041655086169174016
1041656445958270977
1041657129768296449
1041657361486815232
1041660563804315650
1041660966545629185
1041677695078334464
1041682354073419776
1041704717662003205
1041710967695060993
1041713404875026432
1041716401243922437
1041716687895257090
1041718755863285760
1041719838891225088
1041720870660698112
1041723100742787072
1041729982278590464
1041738608141578241
1041741217984339970
1041745315437654018
1041749048091463680
1041757131651866629
1041758861378691072
1041802895904006144
1041903040201142274
1041923775221190656
1041941336746807297
1041947475131740160
1041951216861888513
1041957510490595329
1041958961887494144
1041962544158650369
1041963042509139969
1041965059155656704
1041974336071114752
1041979390068973568
1042000395525136390
1042015525960863745
1042028804296925184
1042033626773430272
1042050672865275914
1042052798953742336
1042053090722107392
1042069484574593025
1042070282469613569
1042076223646691328
1042077437469896704
1042085862547316736
1042086970527281154
1042090893753376768
1042096513499848704
1042108909870350336
1042141792857190405
1042141795604488192
1042141798737608704
1042143685301993475
1042148803170717697
1042153804135845889
1042183849936080896
1042263005902381056
1042290956995883012
1042292201877897219
1042296798386298880
1042298502519443456
1042299771870961664
1042302308766375937
1042304798928904192
1042314919239208962
1042320962140680193
1042321897336328192
1042322878346260480
1042330063407067138
1042342534108852224
1042346501559787520
1042351976170831872
1042359162527776769
1042359538484174850
1042360400816168960
1042365851125645312
1042366594696003584
1042367958297833472
1042379759534178304
1042390692260130816
1042393968972050433
1042399065235959808
1042406512243748866
1042409260821438464
1042412984314810368
1042425086681247744
1042425389317083138
1042425604677808130
1042427243555905536
1042428103652339712
1042435807682994176
1042445745243267073
1042448248353505280
1042452335556022273
1042461683552317440
1042469402447368198
1042479739901038598
1042480337811582976
1042490079225241603
1042506126493974529
1042511183268458498
1042516193268129792
1042616260952043520
1042624406864965638
1042645078374862848
1042661835743342592
1042667187935371264
1042668639013486592
1042669293748535296
1042669762084581376
1042677225672327168
1042677262183800832
1042681100244529152
1042684912703348736
1042689852389683200
1042692366392549376
1042694907893374976
1042695731960836096
1042696112761495552
1042697637819047936
1042701146173845506
1042706178994692096
1042706179309359104
1042706191128973312
1042709324018139137
1042711212604227585
1042712438238523392
1042712473198051329
1042713055392673794
1042713962326966272
1042717943841415168
1042718791317241856
1042723230472171520
1042731401131565056
1042741751985909760
1042746690892177408
1042746935659188224
1042751215837356034
1042769841621483527
1042776551681650688
1042780670236479488
1042783625471832065
1042786436095733761
1013096729590235137
1013099985901010944
1013106244784095232
1014191216047554562
1015095749971988482
1015138280130695168
1015264210522124288
1017435970692698115
1019983976805687297
1021072833441607681
1022060013983019008
1022819974547746816
1027863402511851521
1029229636104998912
1030107065434427392
1034373106884898816
1034444140744986625
1034749356052828160
1034814758770417664
1034838753657974785
1035160164293390336
1036278253281918976
1036296248863678464
1036501489471115264
1036527172024983552
1036542830875947008
1036640928314875906
1036645292895027200
1036648599621455872
1036839628802859008
1036865561647620096
1036879049455554560
1036906729601216512
1036929724742868993
1036934217396092928
1036941081403961344
1036944383650582529
1036947193377247232
1036952788574593025
1036955617083224064
